1	45	9.53633093891
1	47	7.16516060163
1	78	7.98322448887
1	81	7.37028846412
1	87	2.10273718869
1	92	2.70790644018
1	96	8.32570200972
1	123	7.82189966407
1	149	7.00145239491
1	172	5.8055382995
1	179	5.96868747452
1	202	2.55250594745
1	205	5.11982240827
1	223	2.54571051215
1	228	2.18237064861
1	229	6.15759165171
1	250	9.59657682385
1	259	1.74629211872
1	261	1.26097375656
1	265	9.63711605798
1	273	4.82572633334
1	276	5.08095009326
1	286	1.24642529132
1	287	4.06496872008
1	288	5.8567531505
1	290	8.91405713749
1	300	6.34469960274
2	3	3.6355119091
2	71	6.73924430194
2	91	8.11465055695
2	93	2.01916938198
2	104	7.08329749571
2	107	2.59884343202
2	109	1.98775911088
2	127	7.00669179932
2	133	9.82100177223
2	137	3.81809465726
2	147	3.28955539086
2	175	2.65720577787
2	183	1.27524345562
2	184	6.98136365188
2	189	7.90458245642
2	191	3.82913562483
2	193	5.90753216793
2	205	8.17443381506
2	209	3.22048863706
2	222	9.73758518526
2	223	9.75715172121
2	234	5.49697758949
2	243	8.43085007694
2	262	7.35771248704
2	280	7.00765497621
2	289	9.86324889998
3	90	1.16839071156
3	94	1.40699278833
3	110	7.10169372731
3	115	3.58214944509
3	117	6.80765827967
3	123	4.12247627955
3	125	6.41355773463
3	136	5.86784258301
3	158	3.23215345733
3	174	8.0505186861
3	188	7.58122979456
3	196	1.26908495086
3	209	6.78376948863
3	234	1.87269310121
3	240	4.59618638086
3	246	7.14969092241
3	249	9.32195119392
3	250	5.02817390495
3	275	7.34613136256
3	293	4.25201962657
3	297	6.31359768981
4	8	2.32740023127
4	22	7.02961240575
4	88	2.56625766444
4	104	8.11845858213
4	118	4.36323315514
4	131	3.41625496854
4	133	8.35812316993
4	143	9.87036898213
4	144	3.72745207475
4	145	4.86596238018
4	153	1.97096616076
4	165	5.85424961925
4	176	5.33488779984
4	204	2.415283116
4	216	4.79318320487
4	222	5.51649373651
4	225	5.49395854316
4	230	6.36103945604
4	235	2.84268994491
4	252	3.65916038821
4	272	1.51735092624
4	277	7.89073684043
5	97	8.88219952635
5	102	8.15889268193
5	104	1.20477582364
5	106	3.58533953351
5	114	6.04158068441
5	126	9.18580766606
5	132	9.83684985291
5	138	2.57175022954
5	143	8.62421614737
5	152	5.86136621603
5	161	7.12537371522
5	181	9.85262177715
5	188	1.18529041272
5	194	7.18119895617
5	198	6.66395693791
5	203	6.20242446147
5	219	9.15391919232
5	238	2.08201560251
5	245	1.67333737871
5	252	7.81603911656
5	257	2.29784093087
5	265	8.64588595824
5	266	2.29563702842
5	271	3.89021226508
6	75	2.32167668037
6	82	3.35075191188
6	88	2.29736263788
6	97	6.61840716534
6	104	6.96751521201
6	118	3.49881299275
6	166	6.76935996792
6	168	1.17316324187
6	169	8.66870876134
6	173	8.94615655871
6	181	2.46351705739
6	186	3.65020896505
6	215	2.3411599813
6	220	9.26658620389
6	224	6.71093433725
6	253	4.62354779632
6	266	7.73146046807
6	277	9.09753872877
6	295	4.04442607237
7	89	5.26838513328
7	107	1.89956340769
7	136	7.92767278711
7	138	8.04170551481
7	153	9.74070766341
7	177	6.28811750141
7	185	5.12811058211
7	190	8.99523131582
7	191	4.43455658739
7	211	9.49736709254
7	225	5.00892153398
7	227	5.058914473
7	230	1.03345338463
7	232	9.62272060257
7	234	3.74211761976
7	242	7.94929120097
7	246	1.76871364652
7	247	8.03401976891
7	272	8.4366015597
7	278	4.24585145763
7	283	5.59586540393
8	22	6.27311480372
8	90	9.02678240213
8	109	3.49487539292
8	110	4.31612847437
8	112	8.47868785399
8	114	3.53567202465
8	124	2.21074235965
8	140	1.52217206177
8	147	8.11407097825
8	150	5.14385583135
8	157	2.87941591516
8	164	1.60136854141
8	172	6.15644016122
8	184	2.61204465716
8	188	9.16899607181
8	196	4.11367177321
8	198	2.43169484583
8	210	2.24958026352
8	218	7.9750156524
8	224	8.39632121456
8	236	3.90601576237
8	260	4.90402127595
8	266	4.06932733656
8	271	3.80940601259
8	292	8.66376459158
9	10	4.99232377569
9	81	7.46252749811
9	82	4.23904168696
9	83	8.65208018986
9	84	9.08359334871
9	97	9.14661736316
9	116	5.01566505969
9	141	8.85844522097
9	142	3.04634809688
9	163	3.81406835091
9	164	6.68192029385
9	168	8.42614904486
9	170	4.30704549034
9	174	3.77638522448
9	185	6.98659786703
9	186	5.25199059557
9	203	1.55064406983
9	205	6.20252509068
9	211	6.98386269517
9	220	6.28831425575
9	230	3.90973641216
9	239	5.53774615153
9	241	1.16555521188
9	248	6.76042278299
9	253	8.03269593315
9	263	9.67549416223
9	265	4.62722862518
9	274	4.96693767724
9	282	5.8277168581
9	294	3.64589345415
9	300	7.97351793855
10	95	3.659318187
10	107	6.63911369458
10	119	4.9034180365
10	122	7.72516817709
10	123	2.57790283939
10	135	8.78609381175
10	157	4.46650201619
10	160	7.69615328933
10	171	5.94296084605
10	181	7.68652844564
10	192	1.08357150633
10	227	3.57776347979
10	231	7.68631139007
10	232	6.14323138097
10	235	2.69952829736
10	236	4.60803385417
10	258	7.52799442052
10	262	3.97069374361
10	267	1.5833997243
10	269	3.73356764176
10	272	5.66316493614
10	292	8.15178007938
11	22	7.525443562
11	60	5.35193687171
11	71	6.03371218387
11	87	7.91627201079
11	90	4.6241833033
11	98	1.31582865039
11	99	5.40287455286
11	103	9.21037367696
11	107	1.88563105276
11	124	5.32344861919
11	141	4.82825402516
11	146	4.31164949925
11	149	8.97786159113
11	153	1.63221934274
11	158	1.46855761583
11	160	6.01817935067
11	161	4.08712018211
11	172	3.11610626955
11	202	7.1936762919
11	204	7.52601100163
11	238	6.42621955514
11	239	4.66708244301
11	264	9.98059386231
11	275	9.84882205289
11	277	7.30496608157
11	281	7.95744759711
12	96	7.58367731722
12	110	1.56924901201
12	117	3.08679441693
12	120	2.69783963373
12	134	7.57422039633
12	140	7.91945038225
12	145	5.35245136151
12	146	1.98402097686
12	171	6.47604961381
12	203	5.36536450614
12	209	6.61627050159
12	218	1.92601511564
12	225	8.22461406169
12	236	2.75958911345
12	240	1.11588749607
12	241	5.40355085531
12	243	7.36677640742
12	268	3.90305121628
12	276	3.35770461888
12	292	8.81103863992
13	98	1.64765534958
13	100	2.41202298104
13	119	6.03468211374
13	132	1.40197413555
13	145	6.25612559175
13	154	8.42659318837
13	156	3.79856280211
13	163	2.5463941024
13	177	2.83416879458
13	179	3.09697197959
13	186	6.66696590287
13	195	1.72055160755
13	197	2.21187386859
13	201	8.04522605719
13	202	3.71956432435
13	230	5.68000051208
13	240	3.86153678182
13	243	6.09337585329
13	247	9.26224907343
13	264	8.77869665229
13	267	4.17128159659
13	271	3.71656607002
13	283	6.54603244438
13	297	7.21680200579
13	300	4.46648950338
14	72	4.64300792408
14	90	2.05696291771
14	93	2.04146156408
14	96	9.55440357698
14	107	8.85421251162
14	118	8.0982700563
14	168	3.26466807998
14	177	6.40144720105
14	178	3.43293227293
14	181	2.85404832671
14	187	4.34907032598
14	196	6.15743179282
14	208	5.11232964613
14	225	2.11702478029
14	231	3.17971190796
14	232	2.55669421601
14	234	8.76943886952
14	236	5.08298365016
14	242	7.2265214379
14	253	4.96607036191
14	254	3.51510575389
14	255	9.86879113206
14	265	9.32135388655
14	267	2.83913747739
14	275	8.69891694954
14	283	8.06743152393
14	285	2.8241124486
14	291	3.43743353055
14	298	5.24187171265
15	86	4.07491401148
15	112	4.84455303343
15	123	1.75368373567
15	174	8.56436638618
15	194	5.24567483506
15	201	9.84183108932
15	207	7.91215755406
15	215	3.05819061459
15	227	8.76447779035
15	230	2.49319968606
15	235	5.45316601397
15	238	9.1229673219
15	249	8.66669279697
15	256	6.15050919973
15	259	6.70783697094
15	264	8.4463495511
15	268	8.21082246698
15	287	2.69853043822
15	288	7.27430000929
16	38	8.0332952235
16	75	4.87322569301
16	81	8.25238639737
16	104	6.08221273385
16	127	2.02375444536
16	135	8.07542648056
16	137	8.26495384587
16	139	4.50919320075
16	147	1.12034104704
16	150	1.11169740438
16	166	4.32983489952
16	179	7.30969218152
16	197	4.70007214572
16	208	5.86283525392
16	211	2.55864335959
16	226	7.28204127135
16	230	8.28686721393
16	236	1.44855610999
16	242	6.33824807214
16	250	7.71636760313
16	251	2.95028073237
16	258	8.14691880138
16	263	6.04513984863
16	266	7.39692810328
16	285	7.73904262401
16	293	3.43475570231
17	90	2.01347598464
17	107	9.61817718814
17	116	3.68420861981
17	127	4.11799233197
17	130	5.46758992824
17	138	6.22672669564
17	145	8.14989138284
17	163	3.01421667122
17	170	5.26684119325
17	171	6.92332725455
17	175	1.49139638829
17	182	1.76685713651
17	184	6.95365193342
17	192	4.28837856443
17	211	1.09900921934
17	219	7.44235811097
17	230	6.61800126708
17	235	2.5699189582
17	240	5.75630649917
17	241	2.66952294991
17	247	5.02761779246
17	256	4.00371306518
17	262	9.59807280569
17	270	2.25827391287
17	281	1.03910874236
17	282	2.89565319966
17	289	2.29091360898
17	290	1.32842803459
18	30	1.58415376493
18	31	9.61712208427
18	86	1.53293606026
18	107	7.66198638428
18	126	4.5218382972
18	129	6.62933308978
18	134	8.06419219192
18	170	2.88252574742
18	179	6.44109352641
18	194	3.90919127556
18	195	2.53117448752
18	197	2.31838955017
18	205	8.36306613194
18	207	1.5052432606
18	214	2.0903183444
18	219	7.29213643039
18	233	8.35398933535
18	265	4.85648204814
18	273	8.03064825442
18	290	8.63619545071
18	292	6.7929384642
19	102	2.69617607835
19	104	1.61911872023
19	115	7.85401396345
19	118	2.92046681378
19	131	8.91722907472
19	137	2.4966979649
19	142	6.64472974829
19	151	4.18085265398
19	165	7.83943125942
19	174	1.02860115348
19	177	6.29590152508
19	188	4.02174083724
19	204	7.96883510254
19	252	6.71866593105
19	258	7.8805673092
19	271	4.20746107895
19	274	9.35011928799
19	278	7.85105143319
19	286	1.73928890737
19	287	3.29962606512
19	289	8.18136770347
19	292	3.49165093898
20	76	8.20615243967
20	79	3.02456202086
20	81	3.82863862279
20	84	9.53311508141
20	89	3.62091758323
20	90	4.68952443833
20	103	4.1818543771
20	106	6.49293620245
20	110	1.56767627547
20	115	7.3712012461
20	118	7.52073833755
20	125	1.78083935372
20	135	3.85705216204
20	141	8.85946226832
20	145	7.99873403428
20	158	4.75666329999
20	177	4.65218046232
20	183	2.18859180173
20	186	1.68036915168
20	197	6.9956815358
20	205	4.20251577066
20	209	6.85714465635
20	218	3.48710823433
20	259	8.54546088111
20	262	3.38593541435
20	268	6.48280587587
20	269	9.07771322035
20	273	3.94160458032
20	275	5.71642897945
20	282	2.00998626145
20	294	6.68152419107
20	295	5.86192618864
20	297	7.91736269663
20	300	3.22686582103
21	39	9.46418708212
21	72	2.79033215234
21	80	9.64751526727
21	89	6.45137512327
21	108	3.99476655823
21	137	1.6300898077
21	140	6.24524602281
21	160	2.58762991382
21	162	4.84936475898
21	164	4.87499620267
21	165	9.45198470608
21	190	7.42063471336
21	193	7.11991145096
21	218	6.49345240361
21	220	3.3373427602
21	222	1.4152160042
21	228	5.20910736623
21	247	2.95090414496
21	255	3.30327235538
21	268	2.75226972353
21	299	7.22761949716
22	76	6.33555863609
22	90	9.89252203717
22	91	9.69705157612
22	94	2.38107873865
22	100	1.73516885114
22	107	2.80710440297
22	131	3.13504059443
22	142	8.88833301496
22	154	5.38401351177
22	171	6.66313042145
22	175	6.17471941131
22	182	8.35911715453
22	199	2.31315809803
22	212	8.7271811293
22	225	3.86185303974
22	229	2.99217730281
22	232	3.21721960676
22	249	9.28322254641
22	256	7.29876609845
22	258	1.69945747336
22	263	4.94832008787
22	269	8.7270001288
22	285	9.43375839759
22	286	7.27746035935
22	290	6.50078006152
23	52	6.97594845135
23	70	9.34724328127
23	105	8.03287734148
23	106	2.57583731394
23	118	1.09022734488
23	124	8.484625435
23	127	9.66427811485
23	129	6.21634592949
23	139	6.50744771547
23	150	5.05887250777
23	173	5.61044446266
23	200	2.29340631534
23	203	2.6652103722
23	215	9.10477485508
23	234	5.57804627529
23	249	4.54343034587
23	255	6.45281539588
23	281	5.06213736198
23	285	5.29633550433
23	288	2.04291208476
23	293	5.10396553556
23	298	9.23071330219
23	300	3.45260058215
24	73	5.63279733185
24	74	2.48304952398
24	108	9.17812480544
24	109	4.65531355254
24	115	7.28288059066
24	156	7.60970569473
24	157	2.43628589438
24	161	2.77183994022
24	164	3.88183274982
24	170	1.10296095388
24	174	7.86471145205
24	190	1.64466025841
24	219	6.85313929484
24	238	5.1341507803
24	259	2.55285373807
24	265	2.29878149343
25	55	7.69605541546
25	75	2.91399664998
25	81	3.34559081236
25	98	6.8477198988
25	101	1.49161110358
25	102	4.00773672063
25	117	4.66987101639
25	118	6.25089842665
25	127	1.21923805146
25	133	6.86012798819
25	156	1.63267030018
25	159	9.75745239971
25	162	4.96308924033
25	180	5.00916370457
25	185	7.14349475981
25	203	3.12204976522
25	212	7.42072520164
25	215	4.79851529473
25	217	7.09323746067
25	246	9.57434867251
25	249	6.85239332355
25	255	3.5846402901
25	257	6.56517491226
25	286	7.97208915922
25	290	7.83419676642
26	51	3.44865588721
26	84	1.22564619513
26	87	8.03432160741
26	107	3.47222579634
26	109	7.44897464553
26	110	3.88439907494
26	111	7.3963536302
26	114	1.53581699972
26	117	2.23363170756
26	124	1.46559801809
26	125	2.2194595436
26	127	2.02755276699
26	168	9.51852025541
26	178	6.09906804786
26	211	5.38454336592
26	218	9.4779493816
26	225	8.73125206494
26	229	1.44413360178
26	252	8.68268201477
26	261	1.8026149805
26	265	4.86127165673
26	286	3.34834802608
27	75	8.54635571636
27	77	1.74089422339
27	86	3.58579584515
27	95	1.52524819755
27	115	9.41544355489
27	128	3.73482955331
27	133	3.07298025965
27	136	7.30642052345
27	140	6.03559562571
27	145	2.76424279922
27	147	8.32972614258
27	151	2.66169592519
27	172	9.9185355618
27	174	3.27985295104
27	193	5.45300146345
27	229	5.92959985394
27	230	4.83034836096
27	239	4.19580899674
27	246	6.87216897697
27	247	3.41137976197
27	251	5.02021417615
27	262	4.39177187446
27	277	3.65071309652
27	280	6.51466953651
27	290	6.07185238146
27	296	3.83227350277
28	105	8.18043456113
28	124	4.40548560898
28	130	7.84916759058
28	156	8.09641495393
28	159	7.98362228857
28	183	3.93426907533
28	191	9.94396938301
28	198	4.59290301767
28	199	2.71025153827
28	207	5.9362429859
28	209	8.80780489933
28	216	6.11903877318
28	218	1.49101191159
28	220	7.13138513173
28	229	8.50059822701
28	240	9.89677808885
28	241	7.55557465384
28	248	5.91024577019
28	252	8.12919013798
28	254	7.15650417017
28	258	7.23397274755
28	261	7.64132346128
28	276	8.00453414842
28	277	3.23643794408
28	282	1.04570968494
28	283	9.80908463985
28	284	2.79521193525
28	296	2.09477137715
29	49	4.95960178216
29	73	2.78831251868
29	78	3.54810656779
29	89	2.57005527523
29	91	1.5757189137
29	102	6.786703333
29	123	4.28696322316
29	128	7.96433928106
29	151	4.34431575756
29	201	8.20077230419
29	203	9.97224164443
29	210	6.92786426448
29	212	6.43667034484
29	221	2.73485900911
29	222	3.27835182936
29	250	1.46046155506
29	252	8.00899295807
29	263	4.64779504878
29	279	4.59324593931
29	284	6.32431770077
30	75	9.76181338735
30	88	9.82621133952
30	95	6.69699450955
30	101	6.93726714999
30	120	6.11342730794
30	125	3.23824222773
30	127	9.84794679248
30	148	4.86830686652
30	170	9.20339821152
30	202	2.62303780585
30	221	1.96939267948
30	235	6.64378429193
30	257	8.57336454026
30	267	7.97223541317
30	276	7.40147454177
30	299	9.99627481059
31	75	4.51521097568
31	88	5.92483561044
31	94	3.10210080629
31	95	1.85765454192
31	103	2.84226264361
31	105	4.66488674289
31	114	1.73404931717
31	122	6.50689557609
31	131	9.64516153432
31	135	8.15774927863
31	150	1.34799308295
31	159	1.95327895408
31	189	1.04423831724
31	194	9.36295662815
31	198	3.05401265644
31	199	5.64505240849
31	216	9.8032877161
31	217	1.15676009777
31	231	6.74442270942
31	246	1.31171825545
31	257	6.04154892642
31	282	5.48713421947
31	285	5.5636492628
31	287	1.43652503432
31	291	1.33692577461
31	297	9.43241203924
32	73	9.38998483844
32	97	7.75335037716
32	98	3.03773387129
32	100	1.75267294757
32	113	7.12168225986
32	143	6.80845239864
32	147	8.95906627887
32	162	8.90416446623
32	168	1.65223765885
32	172	7.34930432813
32	198	3.26560094094
32	210	8.11737227245
32	225	2.19564517276
32	229	4.14662172988
32	231	4.79327952907
32	233	3.0397744346
32	240	9.72876068529
32	248	9.97758549859
32	250	8.45775083966
32	252	5.10866090451
32	262	1.92752968369
32	267	8.2476112383
32	288	3.88313003233
32	290	9.64783875155
32	297	6.76510228877
33	71	4.7386729683
33	78	1.84897530984
33	95	1.97958706303
33	107	1.56880221554
33	113	4.85289209279
33	132	5.71292973304
33	139	1.92953043669
33	142	3.19888454632
33	145	2.76254048275
33	148	2.1428572315
33	160	4.94538181612
33	167	8.74924146586
33	182	2.55712385092
33	193	3.14834380365
33	199	6.00094440378
33	205	9.17761462604
33	209	8.40560213933
33	238	8.28082754113
33	239	6.78697697451
33	269	1.08422497533
33	290	3.34044498582
33	295	3.61670879809
34	36	1.40237608811
34	67	9.51196661213
34	74	8.95507058937
34	83	3.68748357758
34	105	9.73678560229
34	115	2.72632789972
34	117	1.24379249721
34	122	8.45101488117
34	127	3.29889591111
34	132	4.8143245227
34	133	4.81948162248
34	138	4.93939718419
34	145	4.78111165051
34	150	8.90287378445
34	169	3.67245868522
34	188	5.31790345131
34	207	9.52447475717
34	212	6.50909059852
34	233	5.56400263329
34	243	7.41803221887
34	252	6.94499592539
34	256	7.42525089584
34	259	8.94799310377
34	272	4.21649963976
34	294	2.94260152838
34	295	1.31025959937
35	74	1.05661811991
35	107	5.68784209864
35	133	3.68395897986
35	139	4.83935909116
35	148	8.86566258978
35	180	1.75268074011
35	188	8.9135378758
35	199	8.48376330897
35	211	7.28734888428
35	212	2.70082765953
35	215	2.1873419572
35	248	5.18198269872
35	251	6.31764903433
35	254	4.5142979647
35	261	6.4544873857
35	274	6.37522931859
35	291	6.2054088135
35	294	8.49790389453
35	297	3.19322005136
36	154	4.60882656458
36	164	8.67437434006
36	169	8.24306660747
36	171	1.08538073389
36	180	3.55752555573
36	181	7.20217784029
36	184	2.91993091807
36	195	9.91320777825
36	200	3.61911042086
36	210	8.70622605712
36	215	3.52091393352
36	255	7.49968479996
36	260	5.1982764171
36	267	2.8876542731
36	280	2.29188536773
37	74	8.73663359254
37	81	9.64559856756
37	96	7.20357804446
37	100	9.09273289942
37	106	3.95162141635
37	114	7.75105715288
37	120	9.6846194155
37	122	9.27709386946
37	124	3.06237032096
37	130	2.99012360998
37	139	5.57448452742
37	147	1.1730061809
37	151	3.06042437436
37	154	8.72020321552
37	166	1.94787712636
37	172	4.19338844171
37	175	9.05814009846
37	178	9.98118707148
37	184	4.01127218612
37	196	8.5511307639
37	198	8.19567879558
37	204	2.82651499406
37	208	9.4356284396
37	212	6.81852647489
37	226	9.56833499135
37	227	5.77562162252
37	236	5.55916368399
37	254	4.95281558442
37	258	3.72633270694
37	263	5.34469008017
37	279	7.49298126034
37	297	9.95704528992
38	78	1.91313358665
38	90	5.23427671009
38	94	7.71461239947
38	110	4.07619167309
38	132	1.49636466089
38	155	4.19225895013
38	169	3.88282976158
38	172	8.42829986907
38	177	3.871457597
38	214	5.86276091922
38	218	8.64973950929
38	231	5.08051876825
38	233	7.94151083378
38	260	5.76728871509
38	264	6.73415851793
38	283	1.71970350796
38	292	3.91310132442
38	300	6.63478334783
39	75	9.7489362113
39	76	1.11095308049
39	105	4.99953872015
39	106	5.24509837866
39	107	2.52688379515
39	112	2.26782592673
39	118	1.51471479781
39	119	5.30093169651
39	127	7.82726841369
39	136	4.69907165273
39	143	2.16171641148
39	163	7.76122348899
39	165	1.91533301183
39	185	5.11690604175
39	191	6.77398940093
39	193	1.3524495362
39	210	9.3598185837
39	214	7.81362372368
39	216	5.69463057601
39	227	2.1970421681
39	237	9.01657720632
39	252	1.59041851935
39	266	2.17917698437
39	273	8.88442714229
39	287	7.93399978684
39	300	5.49860445186
40	52	5.12301220177
40	95	9.21950162569
40	102	9.93979267476
40	109	8.60308554471
40	112	1.33755556595
40	121	2.82981347553
40	127	9.67148387616
40	132	2.54026917981
40	136	1.94908272151
40	141	1.1135803474
40	149	1.77573196963
40	180	3.86746604977
40	185	2.42538557166
40	195	8.2013407809
40	206	5.40992623281
40	209	4.46520028789
40	232	8.62439603412
40	236	9.90370782805
40	263	8.25094383057
40	288	9.76133431001
40	289	8.48711947696
40	291	2.61107794782
41	88	7.53347521827
41	95	1.94477034559
41	106	2.80530107341
41	108	3.52749721069
41	114	1.066554328
41	117	7.72067652118
41	121	2.40625038651
41	131	4.48158809695
41	137	2.04132361739
41	140	4.86910689779
41	149	1.77559273871
41	156	5.65016374927
41	161	6.14887146139
41	164	1.27923654496
41	192	9.68950417552
41	193	8.59107715813
41	195	6.44249153908
41	197	6.42680939359
41	202	7.7229418058
41	203	9.91642696303
41	204	9.88423403141
41	218	4.31397798317
41	220	1.31929680258
41	221	9.66322469124
41	237	5.51816395961
41	260	7.69216188304
41	265	6.51299353046
41	271	2.17763655424
41	275	8.7194315587
41	282	1.83329049863
42	87	7.07684772992
42	91	2.21245467755
42	95	8.74556859825
42	97	7.41365806058
42	139	2.59902741081
42	141	9.65301981975
42	157	5.98141816155
42	171	4.77859076209
42	184	7.49772875787
42	187	9.79145193162
42	218	6.69510131533
42	235	1.4210276494
42	241	9.106039064
42	254	1.00468663107
42	256	3.08231572379
42	257	1.05735302224
42	262	6.0153393736
43	100	9.59485646934
43	111	3.98036804298
43	139	4.35154291632
43	158	8.54580907502
43	165	4.04017323914
43	196	2.42071096188
43	215	5.45710011759
43	229	5.63267846143
43	248	7.86229638003
43	253	3.10237108282
44	45	6.84235486333
44	78	2.25148523758
44	84	3.49784193622
44	87	2.69088850668
44	88	6.80120011496
44	90	3.73422124409
44	106	3.27945730548
44	114	7.78869415433
44	122	9.66871089026
44	127	1.46504906098
44	129	2.44850770165
44	139	6.66137099018
44	151	8.59078288834
44	158	8.8023626712
44	182	7.50923309295
44	188	1.49754345978
44	192	3.46893808848
44	211	8.93512961744
44	229	6.33492448271
44	247	2.79205047143
44	252	7.40945449455
44	258	4.02933701552
44	289	3.71482903371
44	298	3.2812517344
45	73	4.07347663183
45	79	4.1959618351
45	90	5.9956086711
45	93	6.93218433906
45	116	9.73483497713
45	118	3.57200726279
45	133	1.18966761883
45	134	3.80053142504
45	144	9.44698936519
45	160	6.96357225152
45	173	4.16669113564
45	189	8.8976479472
45	195	9.97365450146
45	198	8.34192143306
45	205	6.33768590497
45	206	2.873046017
45	211	6.10223169683
45	223	8.44459692434
45	228	6.32897497475
45	230	2.85431697282
45	251	2.90627331518
45	279	7.23165857612
45	296	8.10909595043
45	298	5.81172660022
45	300	1.18687527866
46	114	6.82615627056
46	116	9.88587414912
46	133	7.87520846281
46	140	5.0139406319
46	142	3.61421676526
46	143	4.1314050834
46	165	6.331360753
46	166	2.26870711133
46	187	8.85919414221
46	212	1.35824440157
46	217	6.05997856379
46	231	1.60540069363
46	239	2.32499778119
46	245	6.73985486942
46	271	8.30436150845
46	272	3.5584053975
46	279	9.56329873881
46	292	5.03768238396
47	90	6.9010471575
47	98	5.80413974127
47	112	9.79447173736
47	118	1.1970363297
47	122	1.84367356372
47	124	4.3977923892
47	138	1.72326728744
47	140	6.90878126849
47	144	8.75106148116
47	146	4.87604876522
47	147	7.60120552848
47	153	5.01511615336
47	160	3.19600552985
47	166	5.75551316321
47	168	2.97158307864
47	170	4.76130148017
47	172	9.4762726774
47	176	3.24475113474
47	199	4.58512080015
47	201	9.3175062525
47	203	9.53258910909
47	223	2.37828922708
47	225	5.21446304975
47	231	3.5601552885
47	232	6.3833417556
47	233	3.76912467982
47	248	7.6721744103
47	261	5.12030164056
47	272	2.6669683894
47	273	3.21875102514
47	280	4.73391649785
47	295	1.6601670847
47	297	8.02243023415
48	84	7.7146698725
48	103	8.85535939447
48	108	3.55278174878
48	140	6.87797179788
48	148	3.34600443419
48	149	3.27314730321
48	154	1.96273756716
48	173	1.32007728355
48	177	4.20639416291
48	184	1.29966096083
48	241	4.39095963191
48	244	3.07068984276
48	254	2.71179349506
48	285	8.36735401027
48	296	1.77261612083
48	298	4.43249004952
49	55	6.61589719536
49	102	8.4381832798
49	105	5.31904521338
49	130	9.06966032685
49	133	3.03928469566
49	148	3.61268779927
49	150	8.40058428003
49	155	4.2159984367
49	218	3.46523614481
49	221	9.89207493267
49	224	6.48478416405
49	239	4.05763816087
49	244	9.93302069314
49	250	3.44475939159
49	259	3.06910634868
49	267	8.58473407896
49	271	5.03088339377
49	277	6.92616974223
49	279	9.77726421125
49	286	4.4671305007
49	293	6.59749392881
49	296	5.35025072939
49	300	7.12800440776
50	73	6.89051640736
50	81	5.36738416798
50	87	1.89587222953
50	90	1.52175088907
50	97	5.62892724957
50	102	2.58375869952
50	129	9.60413100095
50	130	7.90663571619
50	132	6.03575785937
50	155	1.27581505387
50	161	4.17062054336
50	163	3.08449415852
50	164	1.24392001335
50	185	2.02621657322
50	188	9.93836507832
50	191	4.31679029329
50	223	2.86843929023
50	232	5.59232676845
50	235	2.19736808692
50	244	3.42000042177
50	246	1.82515413258
50	256	2.19796774064
50	264	5.5028312496
50	266	5.69704080879
50	284	7.11390181249
50	296	7.28912983809
51	83	1.28185456066
51	95	3.47552769139
51	119	9.47875503039
51	124	3.15210859561
51	130	2.29836125174
51	156	8.1091880277
51	166	4.27127015364
51	175	8.66948990099
51	196	2.15228712539
51	198	4.12448178804
51	200	2.99021783626
51	203	4.71593349798
51	217	1.14211259269
51	226	9.8135814133
51	258	8.30462410283
51	279	4.58997383122
51	281	3.1463870734
51	285	5.86811969387
52	84	5.30052857239
52	94	5.88488914743
52	100	1.16572598245
52	102	8.38195690522
52	106	6.30306651304
52	116	5.30462532636
52	122	9.88615536608
52	138	7.43569522477
52	143	5.5866808308
52	153	3.02568323127
52	158	5.86423518188
52	161	4.81642543426
52	165	8.11281381871
52	174	2.116235773
52	181	8.29571124392
52	190	6.31798704928
52	201	7.98695815807
52	215	9.34471347321
52	220	8.1130165678
52	234	6.30692029262
52	238	2.08187838945
52	239	1.35722059921
52	241	9.78691402045
52	262	3.9065155428
52	265	8.07487945614
52	289	5.98670846041
53	69	2.69425058053
53	77	9.06877917766
53	83	2.87824652302
53	90	1.84198023257
53	105	7.49238357009
53	125	4.68531768949
53	127	8.63254054814
53	147	8.25091510411
53	148	5.08452845086
53	167	5.55949861652
53	175	8.67398115671
53	176	8.85232469661
53	178	8.32762216633
53	185	4.95402163093
53	188	5.99875193256
53	193	3.92226404662
53	197	1.05730928718
53	201	9.1941975163
53	202	5.40123217434
53	208	5.1009606958
53	216	8.76312246662
53	217	9.96846319797
53	229	8.26166226241
53	232	6.44443792267
53	246	1.12331082717
53	264	5.45737654799
53	292	5.95317131748
54	68	4.93523202717
54	73	5.20750026611
54	82	2.55142693316
54	95	6.39704029554
54	98	3.58538431634
54	110	5.00522726569
54	113	1.33436376553
54	135	9.96325094868
54	151	1.927907968
54	154	2.87793633315
54	168	1.7256722874
54	180	5.53515125373
54	183	3.5823513099
54	187	8.82441489496
54	193	3.24325492964
54	214	1.3129330899
54	236	2.99623911073
54	241	3.89468032338
54	242	6.55357606608
54	244	5.33519631053
54	262	1.63864705949
54	284	7.82521253274
54	291	5.52042705382
54	294	2.26384612435
55	90	2.94224675352
55	106	9.84687476806
55	119	3.8298749342
55	138	6.25258444947
55	139	4.09493206137
55	163	9.01708120576
55	195	8.53471823124
55	196	6.38168104552
55	200	4.53428438788
55	204	8.17472559166
55	229	1.19168995944
55	240	9.63968258071
55	241	5.76768141704
55	243	9.09012818642
55	274	8.40550377432
55	275	6.37998288156
55	279	5.18686102518
55	286	9.54901375938
55	291	5.65088990086
56	79	8.34324059346
56	80	7.89852673582
56	87	8.84209902405
56	88	7.13607082526
56	89	8.34028057298
56	95	3.05366609095
56	101	6.91055246765
56	119	6.10302710323
56	121	7.67003645162
56	128	9.51407784248
56	131	1.07747082313
56	135	5.09603930144
56	140	3.36541323413
56	153	9.67385927112
56	156	1.15311862003
56	162	3.03896543208
56	174	1.62272716991
56	175	7.11568354221
56	179	8.71516560065
56	211	5.96530363735
56	226	5.65923479126
56	229	9.03759309729
56	232	3.15303481703
56	243	6.03282112236
56	244	1.36590121873
56	251	6.14936416966
56	252	6.94339776588
56	259	8.85099762894
56	262	3.48625429628
56	264	6.7127082023
56	267	8.32015461107
56	269	4.01771399494
56	276	2.05978982929
56	283	1.23835735145
56	287	5.46239860054
56	295	5.06363772557
57	73	3.15259084874
57	77	3.42471745274
57	113	2.79051259861
57	118	2.96229398458
57	126	6.20654290077
57	136	4.00101604771
57	162	2.21518173339
57	169	1.95542363723
57	187	2.49726652968
57	195	8.7903458909
57	197	1.36704827853
57	198	3.19529229636
57	219	3.16558439261
57	247	6.03754137032
57	268	2.63718102726
57	290	3.82259558339
58	84	9.81692357219
58	88	6.60142950767
58	91	8.16796504378
58	99	6.29351816222
58	108	4.30165976481
58	112	6.19402520354
58	127	3.86007237724
58	138	3.07165237404
58	150	6.48889066647
58	164	3.6579872333
58	190	4.8272073996
58	222	1.62627987312
58	274	8.19075855348
58	277	5.08576143808
58	285	3.79375294537
58	297	2.58684618164
58	300	2.00847875483
59	77	7.72243096206
59	100	4.5835886256
59	112	9.90624527372
59	122	6.7524219407
59	128	9.58653308909
59	129	1.1673922152
59	134	5.29238771083
59	141	5.95428427792
59	154	2.29819807283
59	157	7.92017058684
59	158	1.71428679532
59	159	5.6457401398
59	162	4.44583691304
59	176	3.86645132002
59	177	5.80784924343
59	196	3.26906932811
59	221	5.26741037752
59	226	5.20746279765
59	237	1.12157986868
59	241	1.3791241323
59	248	2.61553944832
59	258	7.16314232385
59	259	8.06074164702
59	281	6.49353095596
59	284	6.76716815745
59	285	4.82878468479
59	288	8.7864127613
60	80	8.21947362459
60	83	2.42345508804
60	105	5.24253770752
60	111	3.48679027885
60	119	7.44890320308
60	134	5.4204201189
60	138	1.83287724554
60	149	6.64333757086
60	155	5.44560081815
60	166	4.7910647521
60	171	7.01338448627
60	172	7.44328207026
60	200	2.66120636034
60	207	4.88527566059
60	220	2.56002389557
60	229	7.88204681062
60	263	1.38198658737
60	264	1.69629317552
60	267	2.66435009654
60	269	7.58566117757
60	296	5.08671081442
61	72	5.90838291235
61	73	9.97178237804
61	76	7.17842727777
61	78	2.46508197737
61	90	3.16824199591
61	103	8.75851211353
61	110	1.6915133933
61	116	5.7519363548
61	121	2.92045529959
61	123	1.82217458383
61	135	2.03794534849
61	162	4.19918119248
61	174	9.61986077132
61	192	2.53274465901
61	193	1.65858733662
61	197	2.27611465646
61	198	3.43050026211
61	217	4.31739182518
61	227	9.97117194047
61	234	7.56087014876
61	239	3.27364411022
61	242	7.29310505065
61	251	5.74221225407
61	252	6.79918919424
61	274	9.90486626992
61	279	6.65780526486
61	296	1.8730888852
62	110	6.06673691224
62	117	2.04338599136
62	130	6.96380050115
62	160	6.56142100096
62	176	5.95040493761
62	181	4.98920024993
62	195	4.07294120778
62	206	6.27036091789
62	208	9.06509133823
62	219	1.59327778168
62	229	1.48584491018
62	250	3.05568992749
62	265	8.53813418481
62	273	5.72525177602
62	280	6.44585567288
62	285	1.65287875636
62	290	8.90229782941
62	294	7.59284606166
63	83	2.9237499057
63	89	1.87725603665
63	98	6.9048392794
63	104	1.18839610829
63	131	8.42676124729
63	152	7.25697208819
63	162	3.93473654458
63	163	8.21944850838
63	183	3.49829528002
63	185	1.63694347426
63	188	9.54856968123
63	207	3.0867459575
63	210	6.45417902615
63	218	2.89073208085
63	222	2.10786529698
63	229	8.60508499343
63	241	4.2346829957
63	250	4.95025244591
63	258	6.30375484094
63	265	1.81020119336
63	272	7.8999268101
63	274	3.99776834827
63	277	8.98277196265
63	297	2.76780543395
63	300	9.32617177972
64	82	1.6517286287
64	88	9.25246903956
64	89	9.16353061837
64	95	9.29063827506
64	109	9.33010214564
64	112	5.87628174331
64	115	9.36658305106
64	118	2.75755246167
64	132	2.05551117906
64	142	6.76185877782
64	149	9.87443516364
64	157	7.93307759989
64	159	3.3238533606
64	172	2.96548771776
64	178	6.49411211542
64	187	9.33949218973
64	196	1.55169024395
64	197	5.88956448347
64	212	7.45422403566
64	230	1.68064087971
64	237	2.09950478742
64	245	1.70270620691
64	257	4.50245057668
64	280	6.91386485163
64	281	7.97155315116
64	286	4.27119602861
64	300	1.74063554685
65	75	1.31214435066
65	96	2.43552033945
65	120	3.64956964551
65	142	9.85466023273
65	148	7.80626501409
65	166	8.17222574007
65	170	3.31860427914
65	172	7.95426074788
65	179	7.04677932283
65	182	2.28489350003
65	191	7.12865883641
65	193	5.25986642663
65	201	2.47778336046
65	202	7.55565847732
65	207	7.56232684354
65	209	8.35626766714
65	215	9.21809763199
65	238	1.40813532085
65	247	2.60568269475
65	254	7.91055948812
65	262	4.68114754913
65	271	4.14455109816
65	273	3.67670473763
65	275	6.06149625109
65	282	9.25715341526
65	291	8.51225440978
65	294	5.97984260769
66	73	3.58573568088
66	101	1.85093685721
66	106	7.42842561711
66	118	2.12372015879
66	167	8.33479974246
66	174	9.41032406034
66	178	1.50666913903
66	190	8.17668505484
66	195	7.76423890349
66	196	8.00294443579
66	207	1.74132527034
66	212	7.87990285026
66	214	5.87711182695
66	220	5.85688346361
66	222	8.67025905726
66	240	1.08526402774
66	241	1.59429002258
66	245	2.39166201999
66	248	6.59793433594
66	263	3.32600164696
67	72	8.44324429862
67	73	6.0769411892
67	79	7.65767146267
67	99	1.63353759345
67	111	5.72598364997
67	120	9.34647039969
67	128	2.92901159681
67	129	3.81034791121
67	138	3.28660372388
67	148	6.67915993774
67	160	7.95591920827
67	166	6.69773732551
67	188	6.00061553059
67	195	1.4224541008
67	206	3.35749718595
67	212	2.35909250578
67	225	9.23090039852
67	228	1.16845412626
67	231	2.91939038459
67	237	6.51888277316
67	240	8.29519722782
67	247	8.03306922625
67	259	6.42110258243
67	279	3.44890467539
67	285	4.5282489014
67	300	2.32884302088
68	83	8.73988078234
68	93	7.16895382331
68	94	9.67555476384
68	101	8.26596713993
68	105	8.41619281411
68	110	5.28222742322
68	111	4.21890330631
68	119	1.73589881273
68	130	8.28583860983
68	131	3.96261929779
68	135	8.63841158292
68	165	6.82153604157
68	166	2.69074925078
68	197	8.45873448251
68	201	7.47491180227
68	204	3.90530674498
68	212	3.0424058133
68	215	7.53654473108
68	221	8.14738769241
68	227	2.77827514522
68	229	6.68640088122
68	249	8.9500929684
68	255	5.47472968117
68	270	9.25037228088
68	297	7.75491959573
69	99	2.97913296448
69	100	6.48292955271
69	123	2.47226845714
69	159	7.11438189164
69	165	2.08528509158
69	166	9.36875293997
69	188	5.7720043676
69	200	9.49417508266
69	210	2.48466362977
69	211	9.0575001031
69	216	4.72975899464
69	220	8.10384780858
69	231	4.2944350669
69	234	1.04374568479
69	237	9.24790216748
69	238	6.74128107269
69	251	3.81777915346
69	271	9.08643205034
69	294	5.44763117662
69	300	2.06678656096
70	71	1.57901806824
70	82	5.43818168729
70	91	2.80459075889
70	110	5.05670553764
70	124	1.70912417797
70	130	3.05911830406
70	139	3.37202020511
70	155	9.06270820624
70	159	5.06405863105
70	162	5.14585872127
70	171	7.84899105529
70	185	5.515000717
70	190	8.66309669453
70	204	3.04365119974
70	206	1.15855150709
70	207	6.36202638401
70	213	1.56703397977
70	224	5.58195939081
70	235	5.51789126884
70	243	5.31172654627
70	256	3.59392938532
70	265	6.59052047588
70	287	5.78518349133
70	289	8.88673685383
70	292	7.60141176008
70	295	6.67583396339
71	132	8.65281896667
71	142	6.70682306216
71	149	8.61870989938
71	162	8.26267775323
71	192	7.59291187301
71	208	8.9134499356
71	212	7.04954179209
71	222	2.43063540064
71	225	1.92753809768
71	230	9.24880145419
71	234	9.8980696397
71	253	8.26311807546
71	255	3.22217589374
71	257	5.82581662735
71	268	7.81451401483
71	288	8.06594408052
71	289	8.19420114044
72	125	7.40299094714
72	127	8.90289532962
72	152	9.96744042568
72	173	4.98688649299
72	176	1.3662356789
72	183	1.75030869357
72	191	4.05927285109
72	202	4.50258981069
72	215	1.37960577449
72	216	2.97118979148
72	229	1.21823178681
72	237	5.57619100441
72	252	5.69368996893
72	273	2.50297214138
72	279	3.94959878673
72	283	5.49812520601
73	128	8.21940953198
73	134	5.19656448804
73	138	7.35031201546
73	149	2.38758606271
73	152	2.18608368345
73	154	2.09260817554
73	186	8.10996920082
73	197	1.46844620798
73	199	3.17093854131
73	203	2.56496412069
73	213	7.18657262485
73	215	7.50140561725
73	222	5.9110284898
73	223	4.24078151301
73	230	2.69760758506
73	233	7.47619203765
73	262	6.92410217974
73	270	5.60404051743
73	271	1.10077180676
73	296	5.97487526697
74	111	1.49967382867
74	138	7.6325801475
74	146	7.4983382262
74	157	6.28792651609
74	160	1.24897666125
74	198	2.96356540293
74	206	3.23263470841
74	207	2.65206473404
74	210	2.91691519135
74	225	9.39418384764
74	232	4.57365293366
74	234	3.96562175732
74	238	8.99987765802
74	249	4.91462135519
74	266	7.29233913179
74	278	7.15864256592
74	289	6.21063033264
75	128	6.69901325313
75	133	3.95553646194
75	143	8.12583039573
75	144	4.4314324483
75	153	7.94398247594
75	163	7.22773214536
75	164	9.14845235282
75	179	5.86050193676
75	180	1.3748167104
75	184	4.85480367491
75	233	4.10450464312
75	240	1.71605283337
75	262	4.61200454141
75	269	2.68185028804
75	287	2.48824073965
75	295	1.75152792165
76	127	4.15138644931
76	141	5.20831890617
76	142	3.6290326917
76	146	8.69741373336
76	207	7.66814061215
76	210	4.32441504894
76	212	2.0688245088
76	218	5.19723838827
76	243	8.57160679653
76	266	6.65731306387
76	267	7.94248426911
76	288	7.22647460458
76	295	3.46668062984
76	297	8.91131145465
76	299	2.7992764184
76	300	8.34513485455
77	105	7.77051522333
77	135	9.20242835572
77	144	7.26853802223
77	147	8.46461410094
77	153	5.72259899661
77	156	8.88449297684
77	163	8.23120633651
77	172	8.60158882527
77	174	7.73740453743
77	209	5.11912658188
77	216	8.3029339367
77	220	7.7860147343
77	229	5.61346838782
77	236	7.66050513333
77	250	1.11257957653
77	255	4.13392571357
77	260	8.88892713605
77	266	9.66939969568
77	270	2.43394142028
77	277	1.57736225073
77	282	6.87445781985
77	285	2.07262452039
77	290	6.59423722293
77	300	4.75502738137
78	108	7.95161199811
78	113	2.42399703958
78	125	5.3674843249
78	151	6.16531797489
78	152	8.61236858371
78	153	3.53386299063
78	163	2.3907984472
78	184	2.88955933533
78	198	6.7539679597
78	210	5.71853579234
78	235	4.56010064761
78	238	3.42489205484
78	243	2.86973267069
78	247	2.36969899581
78	254	7.07567995142
78	259	4.47761789123
78	264	4.88315847243
78	268	2.63277458117
78	282	5.99621495023
78	298	6.93952935178
78	300	2.03185856497
79	123	6.60781749352
79	129	1.38161701216
79	135	8.12713548869
79	148	4.84922321863
79	167	4.48445090362
79	172	7.33017677689
79	223	5.31394784102
79	265	6.2573168703
79	281	9.69941485672
79	287	1.64186660472
80	148	7.98171592732
80	153	2.41689183876
80	156	5.83906548473
80	163	3.71420407258
80	166	8.88967675926
80	167	1.4994097216
80	173	9.74247884396
80	179	9.04411646988
80	196	1.93040948799
80	202	9.90586787699
80	231	7.87725239215
80	239	8.19303273248
80	241	3.66810656941
80	244	6.66686111149
80	246	8.30152990761
80	259	2.76128524826
80	277	1.424573855
80	291	7.0687997705
80	299	6.30494318751
81	103	8.55801295313
81	134	6.86782026837
81	137	9.71121737712
81	179	3.17517730513
81	186	9.51694342047
81	191	8.09502165195
81	208	9.81270959561
81	213	6.97160518501
81	222	7.27546059284
81	228	8.70703866624
81	246	4.56805111069
81	253	2.36873731408
81	261	5.95692549412
81	276	6.56726970273
81	289	7.62007010403
82	122	9.28518079303
82	129	1.20270277896
82	136	4.15492240623
82	139	3.82907577396
82	140	3.39477029351
82	166	1.05638234814
82	179	1.45485126878
82	180	7.10215779149
82	189	3.5322090464
82	192	5.90471460098
82	210	8.34670691802
82	213	7.888163295
82	220	1.9857705968
82	224	7.33636976723
82	227	5.88443707386
82	229	9.01108574318
82	237	5.21408955589
82	242	1.74281350718
82	267	2.39946319377
82	271	6.59974096341
82	275	1.93571980578
82	281	9.37382563865
83	129	8.4678713958
83	140	4.75305881545
83	141	3.89407451936
83	143	7.04045199425
83	158	1.47511740133
83	163	2.87202300076
83	177	1.71711542857
83	184	3.20997270878
83	191	2.75553014682
83	198	9.09754364797
83	200	9.29707361624
83	208	2.53444420344
83	216	6.6091428933
83	249	6.55017745032
83	263	8.38589752311
83	266	2.63909917458
83	270	6.86227198204
83	279	9.74986463234
83	284	5.2957875995
83	287	6.37735879318
83	289	7.06796481857
84	148	6.90162186048
84	167	8.03439869169
84	191	6.45202168057
84	196	6.30212903195
84	203	5.25688867103
84	205	5.81646355104
84	211	1.04548809302
84	215	3.08816515999
84	217	4.82765489242
84	223	1.29652171231
84	262	8.41489331191
84	268	8.80778069769
84	275	2.24827660953
85	117	3.39205603505
85	129	5.35796073669
85	148	2.3022585324
85	161	5.66747977099
85	166	3.2863674959
85	173	5.22882324806
85	187	5.51128916472
85	188	4.39037223712
85	196	4.22991186762
85	197	3.78623192914
85	202	7.99755526666
85	219	9.44050032532
85	227	1.72960976365
85	230	3.09657057353
85	233	8.05191393709
85	234	8.23087757305
85	236	8.02141616122
85	247	7.92879217085
85	254	2.87891516329
85	263	4.30286583255
85	277	8.94823109898
85	281	5.55649541805
85	289	3.69107836299
85	296	6.46362188029
85	297	6.3714570747
86	95	6.51173948884
86	99	7.6387978709
86	128	2.87072388068
86	130	9.06219186094
86	154	7.23071932559
86	170	4.20297004601
86	172	2.05669451805
86	177	7.67478053066
86	180	3.61800077228
86	187	9.18457184862
86	200	1.71770282646
86	209	2.91265896039
86	212	6.42384294165
86	219	8.03267935823
86	258	6.57279101394
86	269	9.39473856124
86	271	9.92026655748
86	282	3.16455189088
86	293	5.82497250968
87	110	3.01303101571
87	129	5.49581575401
87	131	2.1362302558
87	163	6.77288129246
87	165	2.3190201381
87	179	3.68950286961
87	194	5.71218826306
87	198	7.44570711178
87	205	8.06884811013
87	232	3.05473442569
87	244	1.38895782601
87	255	7.33629579817
87	273	4.29850851371
87	286	4.8245454703
87	294	3.63111249017
88	123	9.90874697437
88	134	8.49755458705
88	148	3.27901557504
88	155	8.66875926167
88	162	4.69836669903
88	176	5.61937545614
88	181	4.87145262285
88	183	7.41141735184
88	184	7.69067056564
88	186	9.48288670492
88	188	7.30389210691
88	200	5.59689195437
88	206	4.14031415659
88	207	9.14452990005
88	210	9.79821860258
88	214	8.50001486582
88	243	1.57972242413
88	244	6.89751780225
88	250	8.177441382
88	264	1.64982333994
88	269	7.98376450754
88	288	9.76595178679
88	289	6.51165112352
88	291	7.30769371144
89	92	2.88175371951
89	123	9.79117837797
89	128	9.09502457244
89	142	1.02571245241
89	144	9.62493331839
89	170	6.05802450728
89	176	5.36077897973
89	189	6.11528888428
89	210	7.45151504543
89	211	7.55122450541
89	217	7.51485572292
89	218	4.27798895559
89	220	3.74862260991
89	224	8.98962437987
89	231	5.93644141709
89	233	3.15850307926
89	245	1.74207141686
89	251	8.34129457009
89	265	1.17110546225
89	268	6.62654654974
89	273	8.26011514444
89	286	4.83036565559
90	123	3.70115791133
90	126	5.40940780996
90	145	4.69813219195
90	169	7.99159309789
90	175	4.10321685287
90	180	7.04521663831
90	203	5.22712642523
90	204	9.37762198914
90	217	9.54863651734
90	245	6.56898436984
90	270	2.23110303256
90	276	1.35795307514
90	284	7.01427792409
90	292	1.47881551722
90	299	9.0811249327
91	137	8.98314678611
91	143	8.05595315579
91	146	6.82166883735
91	205	5.25574667196
91	209	8.21868907202
91	247	2.02341420773
91	268	1.57203338792
91	292	7.85205241577
91	294	4.53692791745
91	296	6.51718183178
91	298	5.44797033589
91	299	6.1104866937
92	137	2.71837927366
92	141	7.8781653941
92	154	3.17520994133
92	158	4.60995809165
92	166	4.90639601638
92	168	1.25295155459
92	170	4.79331404081
92	190	8.81391708556
92	203	1.72867305612
92	211	4.50313780023
92	216	5.66677228378
92	218	6.6553105738
92	232	1.23840190539
92	237	4.91783484813
92	238	1.66634223649
92	241	5.51432834155
92	253	8.61757379966
92	254	3.37888192087
92	260	5.90890058693
92	271	3.66251007106
92	273	4.67414209736
92	285	8.26386219287
92	291	2.98900434882
93	145	6.80367406884
93	212	2.20633093529
93	219	3.18027875636
93	232	3.83887113212
93	239	3.62823903628
93	246	4.7367990652
93	270	4.73258831653
93	271	7.44395108936
93	275	2.40465224326
93	276	5.5313200142
93	296	9.9283167751
94	121	9.3257776274
94	133	4.82677272211
94	138	2.26590056959
94	142	1.66397912094
94	150	1.28721684972
94	159	8.80863441107
94	166	6.698022374
94	172	6.31255346633
94	175	8.5069502974
94	179	5.95290804019
94	185	1.43680875512
94	193	7.80784345713
94	197	9.78712666168
94	205	7.87250253557
94	230	7.31941023326
94	233	7.52144578195
94	234	8.02677837182
94	242	8.44071691398
94	272	8.30640554078
94	278	7.69859068069
94	288	2.38786028191
94	296	5.55455105423
94	297	2.87782175338
95	117	8.11853449226
95	126	8.77392010801
95	129	2.87013174279
95	135	2.47586104569
95	136	6.88174933098
95	145	2.6733724899
95	152	8.07925498852
95	156	9.68120034822
95	188	7.78087365422
95	189	4.09450338401
95	209	5.82450367166
95	211	5.19673442551
95	230	8.64554074138
95	237	3.58350385841
95	246	1.18427177638
95	248	9.35718050028
95	252	3.19485018184
95	256	4.85518341854
95	258	7.19497271223
95	266	2.9246731624
95	282	5.84473402486
95	300	8.07868423688
96	137	6.57672161281
96	150	5.83256321089
96	179	5.77193312826
96	185	5.84241371602
96	204	5.25395753205
96	217	1.48330340011
96	223	6.17462607349
96	248	9.62429199999
96	255	5.82112612266
96	295	6.48370269082
96	299	6.80128406381
97	132	6.59946724769
97	133	1.80846895533
97	143	1.48481547728
97	144	8.40502150848
97	146	1.07374997944
97	151	9.26491662773
97	163	9.110314094
97	174	5.84875920129
97	189	4.02594606262
97	200	5.7037521116
97	202	8.23658482075
97	203	8.82615112346
97	204	3.31131318021
97	216	6.87804917417
97	217	5.81886849494
97	223	4.93458983692
97	231	1.41222902512
97	251	3.32010956232
97	271	5.89758674525
97	277	4.77491787425
97	286	5.04098221796
98	150	3.90315390138
98	157	7.83858573404
98	170	9.36849761097
98	199	1.48997001801
98	204	5.06862235179
98	209	8.24802598149
98	213	5.32162011638
98	218	4.5982646818
98	223	2.31950918405
98	231	8.36244131352
98	246	8.7754352323
98	257	6.68258542407
98	268	3.95170846975
98	287	6.73868942626
99	126	7.2515335971
99	148	3.52073048109
99	154	8.88630663352
99	169	3.42199715403
99	181	1.38766692145
99	187	4.60384284319
99	217	7.96770123165
99	230	5.70074413727
99	246	7.55698397576
99	250	8.00082987464
99	257	4.55365669649
99	266	5.36536765752
99	268	6.01855456769
99	282	5.21416891784
99	286	7.92557004227
99	288	3.84413014544
99	293	4.24058804932
99	298	7.99874504324
100	130	6.40115590256
100	137	5.63828254135
100	142	1.16168105287
100	157	4.03845385768
100	160	5.67802971859
100	166	3.49826950533
100	171	6.6422802692
100	172	2.63151643059
100	197	3.80850597455
100	204	1.27829653417
100	210	7.0961753898
100	211	9.09673911197
100	225	9.10327870499
100	229	6.09379148871
100	235	9.2142805541
100	239	5.21859664411
100	241	9.06648639419
100	245	2.67947702534
100	255	1.30207763359
100	260	5.03509801653
100	271	8.81319080154
100	286	3.83420384767
100	290	3.72632699177
100	296	8.46259503155
100	297	4.63210201822
100	299	6.29490572964
101	124	5.82853188094
101	125	5.79331691101
101	126	7.05970846216
101	129	8.92306057582
101	131	8.38695742617
101	148	7.64803042651
101	160	7.55377653944
101	165	1.06249286666
101	169	4.36532363467
101	176	2.90665002733
101	183	3.39158127647
101	204	4.71093444669
101	210	9.47978084902
101	215	7.23686757153
101	216	3.85403945307
101	217	6.32740214044
101	223	1.65330112545
101	226	3.79334537372
101	236	1.35846419155
101	247	9.65106989568
101	254	6.05380986613
101	275	8.68461231779
102	136	6.92484089871
102	164	6.92947808567
102	165	7.07338701511
102	184	1.07919647878
102	187	8.52390429349
102	203	5.0478777495
102	215	7.59779502105
102	234	9.38302599984
102	235	2.38048706474
102	242	8.61958207357
102	251	8.39192771969
102	256	2.84822194355
102	265	7.28534038016
102	272	7.3248783121
102	280	6.28736697039
102	286	2.80473798887
103	110	3.45283493962
103	122	3.74253847276
103	147	5.89749312162
103	151	8.94686973608
103	154	9.07693033986
103	165	9.3377001907
103	168	4.22496127895
103	174	9.19934931196
103	191	5.69944070274
103	194	3.55646165269
103	198	9.18596573817
103	217	8.94778002961
103	230	6.60241673151
103	235	5.20127953277
103	253	8.13019199593
103	282	2.19392384676
103	297	9.52030198994
103	300	7.12023396429
104	126	9.07827698653
104	127	6.00445334655
104	128	5.68249315612
104	133	7.53542554257
104	173	4.39450984946
104	176	9.78324009352
104	191	8.13208759013
104	192	6.67797926703
104	205	9.57526767518
104	207	9.1444384836
104	262	9.64096669747
104	281	9.71782153541
105	121	7.5628863076
105	140	3.51490901811
105	145	3.91193877579
105	153	5.87165988649
105	158	1.2776325421
105	163	4.25730867488
105	164	4.87400625468
105	175	3.84638278719
105	184	3.20504473611
105	185	9.33290415924
105	198	3.41308269372
105	208	9.98114349786
105	209	7.41355220329
105	210	5.13342054386
105	232	5.73727923669
105	235	9.1272949959
105	236	2.89721482183
105	265	9.0270480148
105	268	4.2776486016
105	272	6.50721968999
105	273	4.46975703059
105	274	4.34462123366
105	278	7.4296298544
105	283	3.61671389213
105	292	3.52822523075
106	124	2.64160899789
106	125	8.58923829288
106	126	7.99578214868
106	130	4.09733776174
106	131	2.14715800802
106	177	2.9609660973
106	185	2.48652668424
106	199	7.69267098094
106	200	4.6871028437
106	209	3.25944150627
106	255	7.57690316086
106	259	4.7216699581
106	261	4.50993948239
106	262	9.28471669855
106	271	9.03283412769
106	274	4.0143738709
106	277	8.11720197906
107	121	2.14984028219
107	124	3.52644405276
107	133	6.17734651051
107	137	8.59880829297
107	146	8.67493812605
107	154	4.42768839302
107	157	1.87520812037
107	171	5.70108102983
107	182	3.61693363643
107	194	2.20993640991
107	226	2.10128023428
107	240	7.55874803066
107	244	7.6422041702
107	261	4.70148346622
107	273	6.7339454276
107	279	1.50466503132
108	115	1.30497299371
108	121	1.62616256612
108	129	2.17189450156
108	139	8.60694144859
108	140	5.15746838951
108	147	3.48412408835
108	159	1.79653066341
108	160	7.30706545302
108	170	5.06366869168
108	183	6.4204370498
108	186	1.14571406688
108	187	9.49155345753
108	197	7.97807460406
108	198	7.15454051521
108	213	6.92679594529
108	216	4.29385877762
108	219	9.60332924499
108	251	1.24409667485
108	262	3.67262453717
108	267	5.03195709925
108	274	3.22106604305
108	280	1.37742658676
108	283	9.77291458167
109	135	5.97044970432
109	151	8.97836871093
109	157	1.16940092927
109	160	3.9660476919
109	176	4.91506219518
109	182	5.31390999407
109	186	9.4503188363
109	218	8.8642367033
109	221	2.51678779953
109	281	9.84841992124
109	283	5.85852891016
109	286	4.27012339732
109	296	5.32353875359
110	131	9.6277909557
110	135	6.59489973815
110	144	5.20886132103
110	150	9.59471379056
110	167	7.60219096752
110	169	2.00772446411
110	192	1.67850952754
110	201	4.78537091386
110	204	2.23802653713
110	206	4.30755544411
110	213	1.37671515605
110	220	3.87434233074
110	231	9.13148428278
110	236	3.13480233642
110	244	5.64282791864
110	268	5.7793861483
110	270	5.31317798803
110	284	9.12923053066
110	297	3.50821237604
110	298	7.19201342532
111	121	7.29039291345
111	124	3.00197503072
111	127	5.65651763929
111	136	6.75936194756
111	158	8.04894507187
111	176	7.88132418598
111	230	2.87841839694
111	237	5.83196730334
111	246	4.52482950837
111	253	1.07197458943
111	261	1.93269641332
111	264	4.78266895681
111	267	2.00255726472
111	284	1.53787037437
111	287	1.61507243714
111	288	1.88563576008
111	293	5.40897830951
112	125	8.73781249151
112	140	2.14448749182
112	182	1.06113876507
112	196	2.56171333586
112	202	4.8190421567
112	203	8.05994968943
112	208	7.86474828612
112	209	4.38833826244
112	220	4.20168343345
112	243	5.61358258987
112	245	5.47391900387
112	252	7.53803024058
112	266	5.24017044493
112	280	5.08622800411
112	288	1.70770872362
112	291	2.25422147518
113	124	8.99401870692
113	127	3.060194809
113	140	4.82026159733
113	175	6.16042981926
113	185	2.23516445481
113	188	9.00570017714
113	193	9.67005766218
113	209	5.1350954769
113	234	1.73979004599
113	253	4.84141974939
113	257	1.99637148379
113	262	4.7653503582
113	267	5.68545728107
113	299	6.62561496944
114	135	5.44108961427
114	139	1.43012560042
114	140	2.43622841799
114	143	9.85620461498
114	175	2.76959321649
114	186	5.99435747861
114	191	9.28113390419
114	206	6.94948818593
114	213	7.09091390949
114	215	7.97511402138
114	218	2.92034565698
114	219	9.96522854461
114	221	5.22869286858
114	253	1.97813875138
114	261	6.9067991353
114	269	5.23083980378
114	273	1.4658795727
114	276	9.2396986093
114	278	8.55000212851
114	294	3.05971664165
114	296	3.59998995703
115	126	9.89223028867
115	141	6.14533266606
115	150	4.81878504234
115	197	2.44032321535
115	203	8.7305558893
115	214	7.75586185923
115	220	2.14057231417
115	223	4.43252690124
115	226	1.96431896455
115	229	3.2787582956
115	237	2.33113874142
115	243	7.24193168876
115	246	8.62474042653
115	252	1.634098668
115	256	6.58046772035
115	275	8.90358489477
115	279	8.11142646216
115	289	4.71285526443
115	292	2.0712026706
115	300	7.94283304751
116	121	6.34369743951
116	131	7.64739150123
116	177	6.73062335739
116	179	8.40186274365
116	196	5.67117534839
116	201	1.22662219892
116	205	9.15688128299
116	210	3.91518763523
116	214	8.90970661393
116	226	2.1587065583
116	254	9.42675419276
116	272	3.15507585888
116	282	7.38554285276
116	284	5.53337351067
116	290	5.76663214631
116	291	5.62895519937
116	293	2.0261575851
116	297	5.77488744729
116	300	8.56784450297
117	141	9.29686422338
117	144	1.11176406861
117	153	1.85446161516
117	155	3.35495200814
117	157	8.21998485882
117	159	5.55218580725
117	168	7.16243847631
117	192	2.7694654583
117	197	6.71950280811
117	208	9.03019818175
117	231	3.9293581959
117	234	9.43887266634
117	244	1.17570524413
117	252	6.45991192178
117	266	1.7964469735
117	292	6.18698456609
117	295	1.36176966679
118	123	9.51512540631
118	126	8.21258781914
118	128	1.21396330879
118	134	9.25773891279
118	153	4.83523239351
118	160	2.36575107732
118	161	5.89224487616
118	163	9.93726193107
118	183	8.36663573824
118	186	9.57728651625
118	189	7.66914729239
118	192	4.03587515489
118	195	4.40307647797
118	206	4.74265992029
118	221	2.56756789498
118	232	2.87446090899
118	240	3.45116146025
118	242	1.47566135104
118	243	4.87687851291
118	251	4.19170055075
118	254	5.09034901389
118	264	6.0152101221
118	271	4.42544000024
118	287	8.19699643675
118	293	3.54733720841
119	132	9.03951542749
119	139	5.71232245022
119	167	9.46140728714
119	173	3.40648470204
119	177	3.56121761168
119	178	6.85826236209
119	179	2.94086705465
119	203	5.24525976888
119	228	6.30181441107
119	244	6.58722690073
119	246	3.81324315952
119	250	8.70018336915
119	255	2.39374281881
119	256	8.9070100423
119	262	4.30931297207
119	291	1.64507293944
120	135	9.89899696606
120	144	8.29181957575
120	154	8.28664609686
120	165	6.56119345708
120	169	5.08448663979
120	185	4.505387523
120	191	6.62738670186
120	199	4.56568077125
120	208	2.4296698513
120	217	8.66543527689
120	229	8.36315136715
120	230	8.41302325518
120	241	4.21853482521
120	247	1.41402018649
120	254	9.92758441311
120	259	3.82838285973
120	269	8.66762011328
120	278	1.35221231099
121	209	4.66941626851
121	214	7.18764339564
121	217	4.22780090908
121	234	9.00501809309
121	239	4.95556909651
121	255	9.67216543693
121	259	5.2384911607
121	264	6.32357594134
121	271	8.02443366179
121	281	9.00396944378
121	283	5.16147202393
122	158	3.12128397165
122	161	7.02141732986
122	205	9.19785698921
122	221	5.07170087553
122	228	1.0832590183
122	233	3.05333515986
122	242	1.29508509134
122	246	9.21145970371
122	249	7.22398772115
122	266	5.44604611147
122	269	7.03964283862
122	284	2.36878959532
122	285	3.67409142784
122	289	9.89189776518
123	160	2.18205371633
123	200	5.76131246029
123	205	9.36662276456
123	225	7.25607173058
123	238	4.87190231406
123	258	1.37046400305
123	259	7.23068546051
123	285	2.52969466087
124	206	1.90968582369
124	216	7.48291549495
124	248	6.10226802191
124	258	9.2732820795
124	270	7.85678860866
124	272	8.05925374598
124	275	5.34728269961
124	299	4.60698970494
125	215	7.59092638257
125	216	7.31667048604
125	217	6.00555504802
125	255	5.7151901207
126	154	7.79655002309
126	184	6.86292262021
126	206	5.80570555758
126	213	9.22260892637
126	228	5.77755174109
126	230	5.38671808402
126	235	9.52736011541
126	244	3.68882366597
126	257	1.27431426272
126	265	6.068870283
126	269	6.56970727534
126	289	1.39279622803
126	290	4.37848320513
127	135	2.83489019069
127	146	3.03946217314
127	203	6.64403704577
127	206	1.09934289486
127	209	6.03665980139
127	222	6.60127917372
127	223	4.09184619055
127	284	8.20231753124
127	293	7.91728717828
127	298	8.27781849869
128	205	1.95878430313
128	209	6.12360103933
128	212	5.37231593435
128	215	4.79905387525
128	236	1.95777506528
128	241	7.12134145693
128	242	8.42556638584
128	250	1.47608367993
128	255	2.81034969748
128	256	8.10520288896
128	266	7.716270632
128	286	2.90330691532
128	295	3.78564193782
129	166	4.76081909932
129	206	4.78311952499
129	208	6.98200055018
129	214	2.10957098895
129	229	9.10257223462
129	230	9.33073560714
129	247	4.37403311951
129	262	2.28718293301
129	263	7.2934461846
129	264	7.28372332332
129	265	8.80010333055
129	276	3.87732844001
129	278	5.22422824196
129	296	9.02395065238
130	182	9.01626823108
130	210	5.21489549554
130	222	1.02303439664
130	231	4.92584100941
130	232	7.54239529832
130	259	9.91814893542
130	261	6.42442756302
130	292	1.599513467
130	293	1.09861655634
131	202	7.54672609181
131	227	3.22018321265
131	243	1.02664491485
131	267	2.15484685314
131	271	4.51554104338
131	282	1.67809903702
131	283	3.9949416121
131	290	7.05746075723
132	202	5.42644883767
132	210	6.94605923806
132	225	1.14635663437
132	228	2.18508832711
132	264	5.0123237091
132	278	3.40932596489
133	187	6.62606814707
133	208	6.7568130527
133	211	2.11079625801
133	219	1.41854391503
133	221	4.81021081996
133	223	4.6685843516
133	232	5.59369409674
133	235	5.89508274672
133	237	7.00266811816
133	245	8.48730296307
133	255	8.38363618511
133	258	4.85581576505
133	267	6.76544913963
133	268	9.18599898155
133	270	7.24830011456
133	272	4.1749514141
133	291	3.69627547914
134	203	9.28337018805
134	207	8.84043450665
134	211	8.38645653709
134	227	6.31455171984
134	228	7.15321678687
134	237	3.93556747677
134	239	1.70619317273
134	247	1.42034864861
134	254	5.07354202526
134	262	8.44611356287
134	278	6.6640911828
134	282	2.06243292351
135	149	5.48823414897
135	208	9.6208014722
135	215	1.69196733361
135	218	6.62194802507
135	243	4.23346892307
135	249	4.91680627616
135	264	3.47664098618
135	268	9.81855026974
135	277	3.99554317585
135	279	6.48087912926
135	295	3.14050730549
135	296	5.20267121984
136	202	2.09280612312
136	207	9.86065329099
136	220	2.22022588086
136	236	6.15338496378
136	242	7.10298164087
136	259	1.74808972448
136	264	8.31627236021
136	265	4.09219412473
136	269	4.56429898358
136	273	4.38488975004
136	278	8.17464835317
136	279	4.0279677222
136	297	2.85241768043
137	160	8.71244790151
137	202	4.22758647237
137	226	4.31393804762
137	232	3.36487166287
137	262	2.11346228564
137	272	1.62898971074
137	278	6.28303905906
137	291	9.94136723802
138	150	6.63111227475
138	175	4.32897652658
138	192	6.80286546746
138	219	3.35101733572
138	222	2.59923791982
138	223	9.99959323291
138	226	5.64393592873
138	227	4.9176112849
138	228	1.68446603424
138	262	1.42296960493
138	269	8.42990843564
139	218	2.09237326386
139	220	6.46054774982
139	228	6.28655707797
139	238	7.45564998039
139	239	6.95990609902
139	240	1.95882548868
139	251	8.47081114318
139	256	8.28275273369
139	258	5.79030641895
139	266	5.91721333667
139	287	4.48015718345
139	292	2.78340037952
139	297	6.1294785948
140	206	2.73901610133
140	235	9.17262761818
140	245	7.44369551268
140	247	2.7620784827
140	252	6.24577755409
140	261	1.3132119325
140	267	3.60417715436
140	271	7.88324280153
140	274	3.02511829258
140	277	3.70537504586
140	289	9.26788024463
141	201	2.00540906586
141	223	9.45254916957
141	227	6.13920042653
141	234	3.26569619902
141	241	9.31551146379
141	248	3.98845087007
141	251	2.39128965506
141	253	7.32547194818
141	254	6.75957119041
141	269	5.90709559933
141	281	2.16212780941
141	283	4.93746392184
142	200	8.84441145515
142	206	3.41788463454
142	238	1.75587932154
142	239	3.5830359232
142	241	8.21966895397
142	244	3.76339158515
142	250	5.00724663673
142	255	8.4037241847
142	259	7.88347811605
142	272	6.49567155801
142	273	4.04033955127
142	274	4.65343257367
142	282	9.08983811798
142	286	9.08935280023
142	293	5.30399713528
143	209	6.2113766388
143	270	3.19195254672
143	280	1.2967195462
143	289	5.60091158222
144	175	8.00842092419
144	206	4.92215093522
144	209	2.82287173548
144	212	9.28837590738
144	217	3.3160412288
144	220	5.36592808618
144	224	7.85572722684
144	235	2.95566481808
144	237	9.52346474371
144	240	1.6483329658
144	276	7.32733390695
144	282	2.57814708416
144	294	1.5508354125
145	185	3.58775615491
145	194	3.81508178189
145	216	9.41627251672
145	229	9.94258660001
145	239	6.24704303594
145	240	8.01623802273
145	242	2.17299936737
145	253	9.70205835943
145	282	9.25785932343
145	289	2.25659303731
146	150	3.18332783976
146	205	1.99240439647
146	210	5.56704416567
146	225	3.75897415921
146	229	3.86477379108
146	262	8.64387760482
146	273	1.11649238242
146	286	8.30330775568
146	287	8.2788185594
147	160	4.24948682563
147	213	2.30221784287
147	218	1.72643231894
147	222	2.85412860472
147	224	6.8536780063
147	232	5.28059654894
147	238	9.55077117793
147	241	3.04835744102
147	247	6.83939863536
147	256	5.80891795682
147	257	4.38714244609
147	271	1.6625465315
147	284	3.06377493251
147	294	2.93172831519
148	216	2.96557289806
148	227	1.63066432488
148	229	8.58751889657
148	230	2.41163337083
148	258	8.09250277677
148	261	4.30395529271
148	276	3.99759924107
148	278	7.82745790015
148	279	7.75298251763
148	296	2.09849176963
148	297	4.41129952147
149	213	7.35149314007
149	214	9.4637644045
149	254	4.84826253809
149	255	8.72100581519
149	256	1.98507590665
149	264	6.48947094288
149	268	7.35018859295
149	285	7.48203955982
149	291	7.93589690437
149	296	8.89523994351
150	207	4.51658788219
150	211	2.4207086795
150	254	3.07269963228
150	264	1.0366043194
150	265	7.09752877323
150	278	3.10916570208
151	211	6.72493663942
151	219	9.39260896557
151	221	9.37112354846
151	227	9.33062108564
151	245	2.84995644104
151	251	3.47037303193
151	275	8.40055935609
151	277	7.35664541243
151	285	2.77093557912
151	287	7.02499947462
151	300	2.73802526024
152	210	1.31095745219
152	226	8.76989066797
152	227	9.25646390386
152	229	7.02775513287
152	241	8.88824257745
152	251	3.08537440292
152	262	2.87160287412
152	264	4.88459093439
152	266	2.09939716785
152	285	7.2688674154
152	286	5.78363667783
152	300	7.2010674787
153	211	9.79118993529
153	219	8.93150463839
153	248	5.93408697638
153	257	2.66398034622
153	259	7.17931508476
153	266	2.24104152801
153	288	8.64455040705
154	180	5.49137018119
154	202	9.52804052473
154	209	3.92996873272
154	224	2.68368026552
154	225	1.48848460108
154	235	6.23563560955
154	236	6.74826468494
154	241	2.54872246472
154	244	8.51950986183
154	245	7.70128752647
154	248	3.01125221553
154	255	8.11896692246
154	264	1.28452877784
154	281	6.10173990306
154	292	4.50368976034
155	202	5.10977209481
155	220	7.68536057884
155	235	2.54207151364
155	246	2.0627716991
155	270	8.80198096514
155	279	4.04602182547
155	284	4.5774876334
155	286	8.83967635375
155	288	1.01268465071
156	184	7.67547012177
156	201	4.34651855678
156	205	4.72187771055
156	210	6.80406170903
156	212	7.4029900315
156	236	2.62601264598
156	238	8.47952904657
156	260	2.76442800712
156	262	2.24538088789
156	273	1.41930351155
156	282	6.8621730623
156	287	9.77498931374
157	204	1.00201556047
157	235	4.99630870787
157	245	5.37949227542
157	250	4.5470103092
157	252	2.29227610658
157	265	5.3818204301
157	277	5.98452845772
158	225	8.67014245039
158	238	8.74484856671
158	242	4.50276458887
158	286	6.16392575117
158	294	2.64384731861
158	295	7.47440493562
159	206	6.34739355467
159	220	5.73935420543
159	224	1.88795698576
159	258	5.1848249731
159	272	9.10616033297
159	291	8.50342667953
159	299	8.10165695461
160	209	8.43722941622
160	211	3.70383602372
160	215	8.12879292443
160	268	7.1425619972
160	275	7.31693655339
160	276	5.45187686696
160	285	9.73109885798
161	195	2.97017909938
161	207	9.15964299046
161	225	7.95899648962
161	232	3.138522871
161	238	5.95668123937
161	244	7.28301161908
161	255	7.45432566883
161	260	9.54330852624
161	269	9.79591131081
161	297	2.97813717539
162	182	3.79623895174
162	208	3.82132736293
162	211	3.0391968827
162	248	7.47137881918
162	280	4.51155141619
162	298	4.91818940081
163	219	9.03646973013
163	221	6.58524786021
163	224	6.26992376904
163	243	5.09909225391
163	249	2.01391891107
163	251	5.45203275366
163	255	7.28603254753
163	256	7.33268346519
163	262	1.65136209517
163	269	8.10091073369
163	272	4.11570535479
163	279	4.14014498328
163	291	1.95133910597
163	295	7.73216873344
164	201	1.33047176571
164	203	6.78914428031
164	214	1.04645888276
164	217	7.12008920143
164	219	4.26631623177
164	225	9.08283041731
164	235	6.14645959932
164	242	8.85379187736
164	244	2.11490097976
164	248	4.50950531387
164	262	6.75216285348
164	278	3.98779256725
164	295	4.7272191915
165	212	4.38281458013
165	221	4.16105258261
165	251	5.85079423285
165	259	2.25143418827
165	260	3.9407452568
165	266	6.32593434655
165	271	3.70000412559
165	274	4.25653092183
165	280	1.34061808276
165	282	5.17971159888
165	292	2.09408814119
166	205	3.92113779957
166	212	6.06143835318
166	215	1.20211230663
166	230	1.36579017782
166	239	1.55035395629
166	241	2.68806460153
166	251	2.36480804702
166	256	6.15195970752
166	266	6.59088867638
166	291	9.70472856309
166	300	4.07854114885
167	213	6.69576289974
167	251	2.27960726649
167	253	1.83116321735
167	285	3.11645185714
167	287	8.21061333307
167	289	8.50718986629
167	292	2.18516617777
168	206	9.18050269265
168	224	2.61137574294
168	227	2.59472149701
168	244	9.62884288905
168	257	9.89307899752
168	264	3.60041911781
168	275	1.50720532922
168	278	5.05700352149
168	279	7.62198027101
168	282	6.65546390626
168	283	9.44800969635
169	216	4.40734316323
169	218	6.99228848971
169	223	4.15157231563
169	227	3.43125621644
169	229	6.80989100468
169	238	9.79867253573
169	242	9.24331201707
169	270	9.21165155057
169	276	6.25787304512
170	186	1.83187650532
170	213	6.49652380066
170	221	5.87509095113
170	232	4.55237261663
170	233	4.91867828466
170	235	3.1791109088
170	241	4.61460612573
170	248	2.93433336368
170	249	3.56309513867
170	259	8.72137047463
170	260	7.38082097877
170	296	7.74611076371
171	206	4.24154593944
171	207	3.56590983517
171	214	7.06913504646
171	215	5.22975255607
171	224	2.41476903199
171	227	8.8131597275
171	229	3.64505916921
171	244	3.40051551553
171	255	5.07672593151
171	270	3.15639098343
171	272	7.84565206431
171	276	4.93148193524
171	300	9.86434468367
172	193	9.66371946263
172	209	9.28034690623
172	215	6.48857864573
172	217	9.50717612198
172	225	3.61129117606
172	226	6.18766193547
172	230	6.57718826773
172	239	7.47932894039
172	253	6.88033031638
172	267	7.35895814352
173	175	3.74298592385
173	177	8.4680131092
173	206	2.00925603898
173	226	4.4069189304
173	247	3.52057307972
173	251	9.020760059
173	267	6.17331877407
173	283	8.92117609077
174	209	3.37029116299
174	212	7.63925661604
174	213	2.27378775659
174	217	4.58922603214
174	220	4.68214684463
174	222	1.4441235484
174	226	1.01148697188
174	238	8.65410228025
174	247	3.49829445707
174	253	5.14057505381
174	265	7.50347763636
174	267	1.26886724576
174	275	1.13680049455
174	291	9.67935633226
175	205	9.75526981568
175	212	2.37295668401
175	230	2.09459708446
175	239	8.84490106547
175	251	8.87854699983
175	277	6.76536930467
175	290	3.4550033916
175	292	4.93081410584
175	294	3.92100024736
176	202	5.01334116791
176	215	8.84288781374
176	218	9.3629655391
176	238	1.19552212906
176	250	8.08372537196
176	252	1.5651191752
176	294	3.9482908933
177	213	8.93786281231
177	219	4.70216165538
177	220	1.56034065228
177	223	1.68009919921
177	230	5.7204538522
177	231	7.47099347925
177	246	6.16303710059
177	267	3.78569694325
177	283	2.10218191798
177	293	1.61120710182
178	203	4.39123840499
178	210	4.20072513722
178	214	2.91175194157
178	229	2.27458061621
178	232	4.98044459332
178	255	6.87614889007
178	266	5.61976206324
178	271	7.6794612237
178	273	6.39321197857
178	283	4.89291401934
179	204	9.89579874333
179	218	8.58781424385
179	274	9.22121658112
179	292	9.22772574378
180	206	3.83954332841
180	210	2.31986003015
180	214	6.22124702628
180	217	1.56138926876
180	230	5.86233325461
180	246	2.63613135454
180	256	3.31713246072
180	259	6.09519847469
180	262	9.11281154704
180	269	5.80074038333
180	279	4.56186574319
180	280	6.11500307422
180	281	5.4071170365
180	282	7.985807367
181	211	3.13504795185
181	214	5.56536553383
181	227	4.45888540101
181	239	8.69272461675
181	241	1.77324043686
181	253	1.7956319597
181	259	2.91008693682
181	266	7.21105002069
181	278	6.35711769536
181	287	4.84609497189
181	291	2.31453243177
181	296	6.0835217469
182	200	5.58647876905
182	213	3.24503138202
182	233	8.17830591016
182	236	2.64930171408
182	244	5.16070191407
182	248	2.89985279491
182	274	5.53898281823
182	280	3.90052580395
182	282	1.90036369751
182	292	7.93634219528
182	300	1.34960370813
183	205	5.97517151191
183	207	9.56535638079
183	218	5.53369454642
183	252	7.64400879424
183	260	2.09328561975
183	275	4.28950473819
183	277	9.71878805167
183	293	9.98318183315
184	208	2.92848902719
184	210	3.30564621704
184	213	8.78277080414
184	218	1.59254815325
184	220	8.06550227493
184	221	7.93668364321
184	224	5.35256039295
184	227	7.1219796797
184	239	8.99676742772
184	259	3.55865703814
184	266	6.07433730422
184	281	2.28573903724
184	282	9.0286719702
184	297	3.58404573862
185	210	6.36222538537
185	211	2.78684741063
185	221	5.00552818585
185	240	5.02191321608
185	269	9.89030284823
185	271	9.62534275832
185	276	3.60754501079
186	224	2.91439100191
186	241	3.79840090571
186	250	4.88815976574
186	268	2.20559857504
186	275	2.20956064491
186	280	2.84945762357
186	287	8.89064823
187	213	1.1105705959
187	221	9.80490244407
187	240	7.41675945414
187	248	1.05769568812
187	253	1.48348133263
187	255	6.97114177417
187	256	6.052304133
187	262	6.80722283532
187	265	2.54232114988
187	268	9.25730151597
187	270	7.94559247807
187	274	3.51881579696
187	275	8.83768254127
187	285	9.64405739543
187	288	7.39349208331
188	206	7.9382580759
188	225	2.1380859161
188	231	2.17504747752
188	235	1.96831635159
188	236	4.22417591524
188	237	1.37641022366
188	258	5.59324178689
188	271	5.82167330056
188	273	2.67207171567
188	277	3.37408342258
188	289	9.66961515468
188	293	3.6382358518
189	204	1.48357358116
189	210	1.36567250999
189	231	9.2575951389
189	233	5.22301299817
189	254	8.92084615789
189	273	8.28967142436
189	276	5.67182179684
189	293	3.68006816523
189	295	2.42065060525
189	297	4.29220836856
190	201	7.61550035261
190	214	2.63208451821
190	219	6.57218422337
190	246	3.90949543126
190	252	5.00402462906
190	259	2.56318910369
190	261	8.75499881756
190	264	8.40753972601
190	267	7.89646849595
190	273	5.28977390601
190	279	1.87202327162
190	281	6.07755270787
190	282	6.7100223219
190	286	8.82701856397
190	300	6.24204345977
191	194	8.51544545676
191	205	1.94592058417
191	220	3.95833612661
191	240	3.3469057419
191	244	6.25443260857
191	249	7.38330087871
191	264	8.16999215917
191	273	7.35856030483
191	276	6.27002834043
191	286	8.8619319813
191	288	3.29344406475
192	210	8.0494701604
192	217	3.46271564214
192	236	4.52698161669
192	240	6.94128749628
192	245	1.92908854254
192	248	7.43298730892
192	263	5.56539726715
192	277	5.61541776571
192	286	4.81388500182
192	287	8.64952040296
192	296	5.47216525025
193	203	6.24224696124
193	224	8.88276506553
193	228	5.09195596847
193	232	1.29371409332
193	244	2.52545946815
193	247	5.61751886364
193	249	2.34547627775
193	256	3.77884660631
193	282	2.07242074914
193	297	3.2502131935
193	299	9.77298301381
193	300	6.530761191
194	205	1.82284828608
194	212	8.64745627517
194	214	2.26284969277
194	216	9.98856306728
194	241	1.68094682124
194	271	6.4966992832
194	287	6.34412188969
194	293	6.86446465846
195	209	8.94331366907
195	228	3.1616354251
195	246	4.66324630695
195	248	7.5565459968
195	253	3.16509511166
195	271	2.26825695117
195	272	2.46273731903
195	287	8.22108790079
195	293	2.05811778084
196	210	4.73055932079
196	215	4.55987483348
196	227	6.42414934521
196	241	7.59480685166
196	245	9.70509212281
196	258	5.04882079781
196	260	1.49309653949
196	264	2.00795175107
196	266	3.00764833627
196	280	9.64437176176
196	282	8.18735277112
196	283	2.42743159742
196	285	7.81905446954
196	294	5.78085345582
196	300	6.63775751487
197	214	8.27493418381
197	216	2.42885194712
197	231	8.02949330271
197	234	4.10566658064
197	245	6.92794053408
197	262	9.35939624279
197	264	2.85396735256
197	279	3.65860363134
197	283	9.40234272465
197	284	3.25165714809
197	296	8.73269547748
197	297	2.99370119779
198	203	1.56237849081
198	205	4.50723544426
198	211	5.97264095978
198	219	1.06244734102
198	237	8.74292162389
198	269	2.20094525653
198	273	3.90868942781
198	289	5.30981286504
198	294	2.28429754886
199	209	2.91048142116
199	213	2.05648581301
199	218	4.60836041299
199	228	8.49738528978
199	249	7.11813524751
199	260	9.61762193922
199	261	9.51366228955
199	274	6.1918525054
199	287	9.17900665395
199	290	4.2646889314
199	291	3.75327487884
199	299	3.12570332442
200	226	7.31864220953
200	228	2.93959623485
200	256	9.69342951868
200	269	9.00850722612
200	278	7.14535163635
200	292	6.77070588212
200	296	8.66063997524
201	215	5.82418946735
201	278	2.93107857719
202	209	3.92025538588
202	227	4.96137431926
202	294	1.34894216276
203	279	6.82744523815
204	237	9.68984848581
204	247	5.11774299966
205	243	9.28466204579
205	267	7.11997958124
207	255	9.63759891838
211	229	7.07032117699
211	276	4.40982299065
211	300	8.28734284442
212	231	3.72241609908
212	252	4.36645023216
214	250	9.35060597478
215	267	1.9034106141
216	245	2.35253786476
216	298	3.27124347657
218	286	2.02879003555
219	266	7.13189816045
219	286	8.76127210705
220	231	9.89776593879
220	296	4.73666193267
222	285	1.35894243378
226	297	8.78869826462
227	257	5.23892333005
232	247	6.52886599882
233	292	3.49616285426
234	256	5.49545343772
238	294	1.04594027616
239	253	3.82098530711
240	281	9.85869542701
242	295	8.20877191479
247	252	5.50835681832
247	281	9.25035616497
250	300	7.5612349626
251	281	2.71289412014
251	298	2.68081710001
252	283	6.78978745239
253	298	9.17394900954
255	287	1.49907385713
256	273	1.97344432131
257	294	3.59429249848
258	287	2.53278624997
266	292	2.17227129127
277	288	1.75028024683
278	300	4.35734753261
287	295	2.61689240097
